1760932013599 1.0795992776459338 0
1760932154525 0.5915970247165829 1
1760932294212 0.411940382976158 2
1760932435996 0.2892636969393375 3
1760932586860 0.21664984655730865 4
1760932754733 0.16694967916198805 5
1760932905392 0.13130190252673393 6
1760933055554 0.09786311967992316 7
1760933203213 0.08709354833791069 8
1760933346583 0.05950179601124689 9
1760933548241 0.04694044290512216 10
1760933706974 0.04680644214956784 11
1760933869611 0.03551564080750241 12
1760934017800 0.03203249948245345 13
1760934233904 0.033234856164484634 14
1760934447782 0.01835227571427822 15
1760934610676 0.018344549179150193 16
1760934767068 0.018579545111267592 17
1760934950051 0.01803602901853475 18
1760935138516 0.01243650343944775 19
1760932013599 1.0795992776459338 0
1760932013599 1.0795992776459338 0
1760932013599 1.0795992776459338 0
