1760906909002 1.4255897890437732 0
1760906964067 0.823877518827265 1
1760907018845 0.49712200598283246 2
1760907061167 0.3426907875321128 3
1760907096408 0.248384490609169 4
1760907128038 0.1996447281403975 5
1760907159519 0.1684115549380129 6
1760907190838 0.1463248228484934 7
1760907223058 0.11451827599243684 8
1760907254431 0.09418615021488884 9
1760907286186 0.07706925171342763 10
1760907317279 0.06779746033928612 11
1760907348154 0.066250068558888 12
1760907377751 0.051772421395236794 13
1760907407366 0.045254486866972664 14
1760907437321 0.04581890763206915 15
1760907466791 0.03321277028457685 16
1760907496711 0.03317249989645048 17
1760907526422 0.02830369584262371 18
1760907556052 0.02474583312869072 19
1760906909002 1.4255897890437732 0
1760906909002 1.4255897890437732 0
1760906909002 1.4255897890437732 0
